 10.000000   120.000000     2.179424   191.211044
 13.000000   120.000000     5.351889   191.231522
 16.000000   120.000000     8.526087   191.276001
 19.000000   120.000000    11.704270   191.345673
 22.000000   120.000000    14.885892   191.440475
 25.000000   120.000000    18.068102   191.558914
 28.000000   120.000000    21.246912   191.697769
 31.000000   120.000000    24.418407   191.851944
 34.000000   120.000000    27.579639   192.014389
 37.000000   120.000000    30.729168   192.176224
 40.000000   120.000000    33.867027   192.326843
 10.000000   123.000000     2.164013   194.164383
 13.000000   123.000000     5.326860   194.184982
 16.000000   123.000000     8.490609   194.231461
 19.000000   123.000000    11.657327   194.304382
 22.000000   123.000000    14.826392   194.403107
 25.000000   123.000000    17.995199   194.525604
 28.000000   123.000000    21.160252   194.668060
 31.000000   123.000000    24.318150   194.824799
 34.000000   123.000000    27.466627   194.988190
 37.000000   123.000000    30.604849   195.148773
 40.000000   123.000000    33.733406   195.295273
 10.000000   126.000000     2.127069   197.121399
 13.000000   126.000000     5.281420   197.139114
 16.000000   126.000000     8.435753   197.184296
 19.000000   126.000000    11.591888   197.257034
 22.000000   126.000000    14.749203   197.356186
 25.000000   126.000000    17.905565   197.479156
 28.000000   126.000000    21.057907   197.621613
 31.000000   126.000000    24.203510   197.777328
 34.000000   126.000000    27.340681   197.938187
 37.000000   126.000000    30.469187   198.094177
 40.000000   126.000000    33.590122   198.233551
 10.000000   129.000000     2.079237   200.081985
 13.000000   129.000000     5.225135   200.092636
 16.000000   129.000000     8.369921   200.132263
 19.000000   129.000000    11.515244   200.200516
 22.000000   129.000000    14.660827   200.295776
 25.000000   129.000000    17.804911   200.414993
 28.000000   129.000000    20.945045   200.553345
 31.000000   129.000000    24.079151   200.704147
 34.000000   129.000000    27.206078   200.858826
 37.000000   129.000000    30.326115   201.006943
 40.000000   129.000000    33.440826   201.136276
 10.000000   132.000000     2.033747   203.045181
 13.000000   132.000000     5.169907   203.043808
 16.000000   132.000000     8.303711   203.072830
 19.000000   132.000000    11.436972   203.131577
 22.000000   132.000000    14.569808   203.218109
 25.000000   132.000000    17.701004   203.328903
 28.000000   132.000000    20.828758   203.458755
 31.000000   132.000000    23.951553   203.600571
 34.000000   132.000000    27.068771   203.745346
 37.000000   132.000000    30.181086   203.882324
 40.000000   132.000000    33.290409   203.998901
 10.000000   135.000000     2.004474   206.009430
 13.000000   135.000000     5.128316   205.990509
 16.000000   135.000000     8.248693   206.003418
 19.000000   135.000000    11.367632   206.047272
 22.000000   135.000000    14.485877   206.119873
 25.000000   135.000000    17.602922   206.217377
 28.000000   135.000000    20.717525   206.334167
 31.000000   135.000000    23.828648   206.462845
 34.000000   135.000000    26.936050   206.594055
 37.000000   135.000000    30.040754   206.716736
 40.000000   135.000000    33.144905   206.817978
 10.000000   138.000000     2.004279   208.972458
 13.000000   138.000000     5.112551   208.930374
 16.000000   138.000000     8.216161   208.921585
 19.000000   138.000000    11.317919	   208.945099
 22.000000   138.000000    14.419335   208.998566
 25.000000   138.000000    17.520491   209.077850
 28.000000   138.000000    20.620724   209.177063
 31.000000   138.000000    23.719288   209.288467
 34.000000   138.000000    26.816221   209.402557
 37.000000   138.000000    29.912695   209.507935
 40.000000   138.000000    33.011105   209.591446
 10.000000   141.000000     2.044113   211.931747
 13.000000   141.000000     5.133013   211.861160
 16.000000   141.000000     8.216305   211.825317
 19.000000   141.000000    11.297907   211.823288
 22.000000   141.000000    14.380088   211.852615
 25.000000   141.000000    17.463602   211.908951
 28.000000   141.000000    20.548029   211.986206
 31.000000   141.000000    23.632824   212.076447
 34.000000   141.000000    26.718052   212.169952
 37.000000   141.000000    29.805014   212.255173
 40.000000   141.000000    32.896294   212.318680
 10.000000   144.000000     2.132582   214.884750
 13.000000   144.000000     5.198103   214.780899
 16.000000   144.000000     8.257805   214.713226
 19.000000   144.000000    11.316614   214.680954
 22.000000   144.000000    14.377557   214.681519
 25.000000   144.000000    17.441797   214.710571
 28.000000   144.000000    20.509007   214.761826
 31.000000   144.000000    23.578541   214.827225
 34.000000   144.000000    26.650362   214.896927
 37.000000   144.000000    29.725847   214.959229
 40.000000   144.000000    32.807850   215.000549
 10.000000   147.000000     2.275205   217.829208
 13.000000   147.000000     5.314301   217.688232
 16.000000   147.000000     8.347908   217.584747
 19.000000   147.000000    11.381987   217.518188
 22.000000   147.000000    14.420295   217.486099
 25.000000   147.000000    17.464001   217.483994
 28.000000   147.000000    20.512659   217.505600
 31.000000   147.000000    23.565262   217.542786
 34.000000   147.000000    26.621590   217.585648
 37.000000   147.000000    29.683016   217.622467
 40.000000   147.000000    32.752815   217.639465
 10.000000   150.000000     2.476069   220.763458
 13.000000   150.000000     5.486623   220.582565
 16.000000   150.000000     8.492599   220.440308
 19.000000   150.000000    11.501019   220.336349
 22.000000   150.000000    14.515924   220.268311
 25.000000   150.000000    17.538303   220.231827
 28.000000   150.000000    20.567148   220.220612
 31.000000   150.000000    23.601002   220.226578
 34.000000   150.000000    26.639267   220.239822
 37.000000   150.000000    29.683491   220.248611
 40.000000   150.000000    32.737522   220.239120
 10.000000   153.000000     2.737810   223.686691
 13.000000   153.000000     5.718991   223.464294
 16.000000   153.000000     8.697165   223.281372
 19.000000   153.000000    11.679886   223.137802
 22.000000   153.000000    14.671240   223.031418
 25.000000   153.000000    17.671688   222.957962
 28.000000   153.000000    20.679483   222.911255
 31.000000   153.000000    23.692423   222.883316
 34.000000   153.000000    26.709681   222.864380
 37.000000   153.000000    29.733061   222.842728
 40.000000   153.000000    32.767246   222.804535
 10.000000   156.000000     3.062605   226.599106
 13.000000   156.000000     6.015064   226.334885
 16.000000   156.000000     8.966134   226.110458
 19.000000   156.000000    11.923770   225.926071
 22.000000   156.000000    14.891766   225.779739
 25.000000   156.000000    17.869740   225.667389
 28.000000   156.000000    20.854963   225.583038
 31.000000   156.000000    23.844517   225.518890
 34.000000   156.000000    26.837379   225.465347
 37.000000   156.000000    29.835875   225.410843
 40.000000   156.000000    32.845825   225.341583
 10.000000   159.000000     3.451846   229.501984
 13.000000   159.000000     6.377474   229.196777
 16.000000   159.000000     9.302990   228.931183
 19.000000   159.000000    12.236559   228.705673
 22.000000   159.000000    15.181364   228.518555
 25.000000   159.000000    18.136028   228.366043
 28.000000   159.000000    21.096792   228.242355
 31.000000   159.000000    24.060068   228.139984
 34.000000   159.000000    27.024858   228.049591
 37.000000   159.000000    29.994223   227.959839
 40.000000   159.000000    32.975456   227.856995
