182 300
20 120
2.250000e+01 120
25 120
2.750000e+01 120
30 120
3.250000e+01 120
35 120
3.750000e+01 120
40 120
4.250000e+01 120
45 120
4.750000e+01 120
50 120
20 123
2.250000e+01 123
25 123
2.750000e+01 123
30 123
3.250000e+01 123
35 123
3.750000e+01 123
40 123
4.250000e+01 123
45 123
4.750000e+01 123
50 123
20 126
2.250000e+01 126
25 126
2.750000e+01 126
30 126
3.250000e+01 126
35 126
3.750000e+01 126
40 126
4.250000e+01 126
45 126
4.750000e+01 126
50 126
20 129
2.250000e+01 129
25 129
2.750000e+01 129
30 129
3.250000e+01 129
35 129
3.750000e+01 129
40 129
4.250000e+01 129
45 129
4.750000e+01 129
50 129
20 132
2.250000e+01 132
25 132
2.750000e+01 132
30 132
3.250000e+01 132
35 132
3.750000e+01 132
40 132
4.250000e+01 132
45 132
4.750000e+01 132
50 132
20 135
2.250000e+01 135
25 135
2.750000e+01 135
30 135
3.250000e+01 135
35 135
3.750000e+01 135
40 135
4.250000e+01 135
45 135
4.750000e+01 135
50 135
20 138
2.250000e+01 138
25 138
2.750000e+01 138
30 138
3.250000e+01 138
35 138
3.750000e+01 138
40 138
4.250000e+01 138
45 138
4.750000e+01 138
50 138
20 141
2.250000e+01 141
25 141
2.750000e+01 141
30 141
3.250000e+01 141
35 141
3.750000e+01 141
40 141
4.250000e+01 141
45 141
4.750000e+01 141
50 141
20 144
2.250000e+01 144
25 144
2.750000e+01 144
30 144
3.250000e+01 144
35 144
3.750000e+01 144
40 144
4.250000e+01 144
45 144
4.750000e+01 144
50 144
20 147
2.250000e+01 147
25 147
2.750000e+01 147
30 147
3.250000e+01 147
35 147
3.750000e+01 147
40 147
4.250000e+01 147
45 147
4.750000e+01 147
50 147
20 150
2.250000e+01 150
25 150
2.750000e+01 150
30 150
3.250000e+01 150
35 150
3.750000e+01 150
40 150
4.250000e+01 150
45 150
4.750000e+01 150
50 150
20 153
2.250000e+01 153
25 153
2.750000e+01 153
30 153
3.250000e+01 153
35 153
3.750000e+01 153
40 153
4.250000e+01 153
45 153
4.750000e+01 153
50 153
20 156
2.250000e+01 156
25 156
2.750000e+01 156
30 156
3.250000e+01 156
35 156
3.750000e+01 156
40 156
4.250000e+01 156
45 156
4.750000e+01 156
50 156
20 159
2.250000e+01 159
25 159
2.750000e+01 159
30 159
3.250000e+01 159
35 159
3.750000e+01 159
40 159
4.250000e+01 159
45 159
4.750000e+01 159
50 159
