 600.0  188039
 800.0   74339
1000.0   38946
1200.0   24222
1400.0   16806
 600.0  171665
 800.0   69785
1000.0   37139
1200.0   23313
1400.0   16268
 600.0  158920
 800.0   65998
1000.0   35560
1200.0   22487
1400.0   15766
 600.0  149867
 800.0   63144
1000.0   34314
1200.0   21813
1400.0   15346
 600.0  143355
 800.0   60948
1000.0   33300
1200.0   21240
1400.0   14976
 600.0  138113
 800.0   59041
1000.0   32362
1200.0   20682
1400.0   14601
 600.0  133195
 800.0   57131
1000.0   31372
1200.0   20070
1400.0   14178
 600.0  128046
 800.0   55049
1000.0   30259
1200.0   19367
1400.0   13683
 600.0  122424
 800.0   52729
1000.0   29000
1200.0   18562
1400.0   13113
 600.0  116297
 800.0   50173
1000.0   27603
1200.0   17665
1400.0   12476
 600.0  109761
 800.0   47428
1000.0   26097
1200.0   16696
1400.0   11786
 600.0  102970
 800.0   44559
1000.0   24519
1200.0   15680
1400.0   11063
 600.0   96108
 800.0   41642
1000.0   22911
1200.0   14643
1400.0   10325
 600.0  203137
 800.0   79244
1000.0   41237
1200.0   25555
1400.0   17696
 600.0  185493
 800.0   74631
1000.0   39506
1200.0   24726
1400.0   17226
 600.0  171238
 800.0   70563
1000.0   37864
1200.0   23890
1400.0   16728
 600.0  160738
 800.0   67334
1000.0   36479
1200.0   23151
1400.0   16271
 600.0  152988
 800.0   64763
1000.0   35305
1200.0   22491
1400.0   15847
 600.0  146749
 800.0   62525
1000.0   34215
1200.0   21848
1400.0   15417
 600.0  141047
 800.0   60342
1000.0   33095
1200.0   21160
1400.0   14944
 600.0  135280
 800.0   58040
1000.0   31875
1200.0   20394
1400.0   14407
 600.0  129160
 800.0   55539
1000.0   30527
1200.0   19537
1400.0   13802
 600.0  122613
 800.0   52831
1000.0   29055
1200.0   18594
1400.0   13133
 600.0  115701
 800.0   49948
1000.0   27479
1200.0   17583
1400.0   12414
 600.0  108556
 800.0   46948
1000.0   25834
1200.0   16525
1400.0   11662
 600.0  101344
 800.0   43899
1000.0   24157
1200.0   15445
1400.0   10893
 600.0  218145
 800.0   83802
1000.0   43273
1200.0   26709
1400.0   18453
 600.0  199351
 800.0   79247
1000.0   41689
1200.0   26005
1400.0   18082
 600.0  183619
 800.0   74983
1000.0   40043
1200.0   25198
1400.0   17616
 600.0  171651
 800.0   71422
1000.0   38554
1200.0   24418
1400.0   17140
 600.0  162621
 800.0   68494
1000.0   37238
1200.0   23686
1400.0   16674
 600.0  155341
 800.0   65931
1000.0   36005
1200.0   22965
1400.0   16194
 600.0  148818
 800.0   63476
1000.0   34760
1200.0   22207
1400.0   15675
 600.0  142408
 800.0   60952
1000.0   33436
1200.0   21380
1400.0   15099
 600.0  135774
 800.0   58272
1000.0   32002
1200.0   20472
1400.0   14460
 600.0  128799
 800.0   55413
1000.0   30456
1200.0   19486
1400.0   13763
 600.0  121512
 800.0   52397
1000.0   28815
1200.0   18436
1400.0   13017
 600.0  114018
 800.0   49270
1000.0   27107
1200.0   17340
1400.0   12239
 600.0  106466
 800.0   46096
1000.0   25366
1200.0   16221
1400.0   11443
 600.0  232939
 800.0   87975
1000.0   45047
1200.0   27683
1400.0   19081
 600.0  213145
 800.0   83598
1000.0   43676
1200.0   27143
1400.0   18833
 600.0  196018
 800.0   79234
1000.0   42086
1200.0   26404
1400.0   18426
 600.0  182597
 800.0   75401
1000.0   40535
1200.0   25612
1400.0   17953
 600.0  172263
 800.0   72142
1000.0   39099
1200.0   24825
1400.0   17456
 600.0  163901
 800.0   69262
1000.0   37735
1200.0   24035
1400.0   16935
 600.0  156516
 800.0   66534
1000.0   36368
1200.0   23210
1400.0   16373
 600.0  149428
 800.0   63785
1000.0   34941
1200.0   22325
1400.0   15759
 600.0  142253
 800.0   60922
1000.0   33421
1200.0   21368
1400.0   15088
 600.0  134834
 800.0   57910
1000.0   31803
1200.0   20340
1400.0   14363
 600.0  127164
 800.0   54761
1000.0   30098
1200.0   19252
1400.0   13593
 600.0  119322
 800.0   51513
1000.0   28331
1200.0   18121
1400.0   12790
 600.0  111437
 800.0   48218
1000.0   26530
1200.0   16965
1400.0   11969
 600.0  247393
 800.0   91763
1000.0   46573
1200.0   28493
1400.0   19591
 600.0  226757
 800.0   87660
1000.0   45463
1200.0   28144
1400.0   19485
 600.0  208363
 800.0   83297
1000.0   43987
1200.0   27509
1400.0   19162
 600.0  193548
 800.0   79261
1000.0   42418
1200.0   26733
1400.0   18711
 600.0  181913
 800.0   75708
1000.0   40889
1200.0   25910
1400.0   18196
 600.0  172441
 800.0   72524
1000.0   39406
1200.0   25060
1400.0   17639
 600.0  164154
 800.0   69521
1000.0   37922
1200.0   24171
1400.0   17038
 600.0  156345
 800.0   66542
1000.0   36391
1200.0   23229
1400.0   16388
 600.0  148595
 800.0   63488
1000.0   34784
1200.0   22223
1400.0   15685
 600.0  140706
 800.0   60319
1000.0   33093
1200.0   21154
1400.0   14932
 600.0  132637
 800.0   57035
1000.0   31325
1200.0   20029
1400.0   14138
 600.0  124441
 800.0   53665
1000.0   29500
1200.0   18864
1400.0   13313
 600.0  116226
 800.0   50253
1000.0   27642
1200.0   17675
1400.0   12469
 600.0  261391
 800.0   95196
1000.0   47892
1200.0   29170
1400.0   20010
 600.0  240054
 800.0   91429
1000.0   47067
1200.0   29024
1400.0   20051
 600.0  220554
 800.0   87160
1000.0   45751
1200.0   28518
1400.0   19827
 600.0  204451
 800.0   82995
1000.0   44206
1200.0   27785
1400.0   19415
 600.0  191554
 800.0   79190
1000.0   42611
1200.0   26942
1400.0   18895
 600.0  180964
 800.0   75719
1000.0   41021
1200.0   26041
1400.0   18310
 600.0  171741
 800.0   72444
1000.0   39424
1200.0   25094
1400.0   17673
 600.0  163170
 800.0   69227
1000.0   37789
1200.0   24094
1400.0   16986
 600.0  154804
 800.0   65974
1000.0   36093
1200.0   23038
1400.0   16251
 600.0  146412
 800.0   62639
1000.0   34326
1200.0   21926
1400.0   15471
 600.0  137921
 800.0   59215
1000.0   32493
1200.0   20765
1400.0   14653
 600.0  129358
 800.0   55720
1000.0   30610
1200.0   19566
1400.0   13805
 600.0  120810
 800.0   52193
1000.0   28697
1200.0   18345
1400.0   12941
 600.0  274835
 800.0   98338
1000.0   49061
1200.0   29758
1400.0   20369
 600.0  252900
 800.0   94923
1000.0   48514
1200.0   29805
1400.0   20549
 600.0  232473
 800.0   90816
1000.0   47387
1200.0   29442
1400.0   20431
 600.0  215227
 800.0   86592
1000.0   45900
1200.0   28771
1400.0   20071
 600.0  201144
 800.0   82582
1000.0   44264
1200.0   27924
1400.0   19557
 600.0  189453
 800.0   78846
1000.0   42583
1200.0   26982
1400.0   18949
 600.0  179273
 800.0   75302
1000.0   40877
1200.0   25978
1400.0   18277
 600.0  169904
 800.0   71841
1000.0   39137
1200.0   24922
1400.0   17555
 600.0  160880
 800.0   68380
1000.0   37348
1200.0   23815
1400.0   16787
 600.0  151947
 800.0   64869
1000.0   35502
1200.0   22659
1400.0   15979
 600.0  143006
 800.0   61296
1000.0   33601
1200.0   21459
1400.0   15136
 600.0  134059
 800.0   57673
1000.0   31658
1200.0   20227
1400.0   14267
 600.0  125172
 800.0   54031
1000.0   29692
1200.0   18975
1400.0   13382
 600.0  287639
 800.0  101271
1000.0   50144
1200.0   30304
1400.0   20703
 600.0  265170
 800.0   98176
1000.0   49844
1200.0   30519
1400.0   21002
 600.0  243996
 800.0   94267
1000.0   48911
1200.0   30297
1400.0   20989
 600.0  225776
 800.0   90041
1000.0   47504
1200.0   29698
1400.0   20686
 600.0  210615
 800.0   85871
1000.0   45849
1200.0   28859
1400.0   20183
 600.0  197867
 800.0   81895
1000.0   44088
1200.0   27882
1400.0   19557
 600.0  186730
 800.0   78090
1000.0   42279
1200.0   26826
1400.0   18853
 600.0  176534
 800.0   74383
1000.0   40434
1200.0   25713
1400.0   18095
 600.0  166815
 800.0   70703
1000.0   38549
1200.0   24552
1400.0   17293
 600.0  157305
 800.0   67007
1000.0   36619
1200.0   23350
1400.0   16455
 600.0  147884
 800.0   63277
1000.0   34648
1200.0   22111
1400.0   15587
 600.0  138533
 800.0   59520
1000.0   32644
1200.0   20844
1400.0   14696
 600.0  129300
 800.0   55761
1000.0   30623
1200.0   19561
1400.0   13791
 600.0  299723
 800.0  104074
1000.0   51204
1200.0   30849
1400.0   21043
 600.0  276757
 800.0  101231
1000.0   51098
1200.0   31195
1400.0   21435
 600.0  255000
 800.0   97523
1000.0   50341
1200.0   31099
1400.0   21511
 600.0  235987
 800.0   93332
1000.0   49023
1200.0   30572
1400.0   21263
 600.0  219879
 800.0   89043
1000.0   47363
1200.0   29746
1400.0   20775
 600.0  206143
 800.0   84852
1000.0   45534
1200.0   28741
1400.0   20134
 600.0  194068
 800.0   80797
1000.0   43627
1200.0   27634
1400.0   19400
 600.0  183031
 800.0   76843
1000.0   41677
1200.0   26465
1400.0   18606
 600.0  172589
 800.0   72939
1000.0   39693
1200.0   25250
1400.0   17770
 600.0  162471
 800.0   69048
1000.0   37677
1200.0   23999
1400.0   16901
 600.0  152543
 800.0   65153
1000.0   35631
1200.0   22719
1400.0   16006
 600.0  142770
 800.0   61257
1000.0   33564
1200.0   21417
1400.0   15093
 600.0  133181
 800.0   57379
1000.0   31489
1200.0   20104
1400.0   14168
 600.0  310995
 800.0  106805
1000.0   52285
1200.0   31425
1400.0   21411
 600.0  287567
 800.0  104126
1000.0   52308
1200.0   31858
1400.0   21863
 600.0  265377
 800.0  100592
1000.0   51695
1200.0   31861
1400.0   22010
 600.0  245749
 800.0   96453
1000.0   50459
1200.0   31397
1400.0   21808
 600.0  228835
 800.0   92074
1000.0   48800
1200.0   30585
1400.0   21333
 600.0  214198
 800.0   87695
1000.0   46913
1200.0   29555
1400.0   20679
 600.0  201221
 800.0   83404
1000.0   44914
1200.0   28401
1400.0   19915
 600.0  189348
 800.0   79207
1000.0   42861
1200.0   27176
1400.0   19086
 600.0  178167
 800.0   75076
1000.0   40777
1200.0   25906
1400.0   18215
 600.0  167417
 800.0   70984
1000.0   38671
1200.0   24605
1400.0   17314
 600.0  156962
 800.0   66919
1000.0   36548
1200.0   23283
1400.0   16392
 600.0  146754
 800.0   62879
1000.0   34417
1200.0   21945
1400.0   15456
 600.0  136805
 800.0   58880
1000.0   32286
1200.0   20600
1400.0   14512
 600.0  321354
 800.0  109488
1000.0   53408
1200.0   32047
1400.0   21816
 600.0  297518
 800.0  106880
1000.0   53494
1200.0   32522
1400.0   22299
 600.0  275033
 800.0  103475
1000.0   52981
1200.0   32591
1400.0   22491
 600.0  254952
 800.0   99386
1000.0   51809
1200.0   32174
1400.0   22322
 600.0  237374
 800.0   94938
1000.0   50152
1200.0   31371
1400.0   21856
 600.0  221933
 800.0   90394
1000.0   48212
1200.0   30318
1400.0   21188
 600.0  208107
 800.0   85885
1000.0   46127
1200.0   29119
1400.0   20397
 600.0  195417
 800.0   81453
1000.0   43975
1200.0   27840
1400.0   19533
 600.0  183497
 800.0   77097
1000.0   41793
1200.0   26516
1400.0   18627
 600.0  172108
 800.0   72804
1000.0   39597
1200.0   25166
1400.0   17694
 600.0  161115
 800.0   68564
1000.0   37397
1200.0   23800
1400.0   16744
 600.0  150465
 800.0   64379
1000.0   35199
1200.0   22425
1400.0   15785
 600.0  140157
 800.0   60260
1000.0   33014
1200.0   21051
1400.0   14821
 600.0  330687
 800.0  112104
1000.0   54565
1200.0   32710
1400.0   22257
 600.0  306539
 800.0  109489
1000.0   54656
1200.0   33188
1400.0   22741
 600.0  283886
 800.0  106160
1000.0   54195
1200.0   33288
1400.0   22953
 600.0  263496
 800.0  102108
1000.0   53063
1200.0   32898
1400.0   22803
 600.0  245385
 800.0   97604
1000.0   51404
1200.0   32099
1400.0   22339
 600.0  229239
 800.0   92916
1000.0   49417
1200.0   31023
1400.0   21657
 600.0  214631
 800.0   88208
1000.0   47254
1200.0   29783
1400.0   20839
 600.0  201160
 800.0   83556
1000.0   45009
1200.0   28453
1400.0   19943
 600.0  188518
 800.0   78983
1000.0   42732
1200.0   27076
1400.0   19002
 600.0  176494
 800.0   74491
1000.0   40448
1200.0   25677
1400.0   18038
 600.0  164968
 800.0   70079
1000.0   38171
1200.0   24268
1400.0   17061
 600.0  153880
 800.0   65750
1000.0   35908
1200.0   22857
1400.0   16078
 600.0  143221
 800.0   61513
1000.0   33669
1200.0   21453
1400.0   15096
 600.0  338889
 800.0  114598
1000.0   55725
1200.0   33393
1400.0   22719
 600.0  314561
 800.0  111918
1000.0   55774
1200.0   33841
1400.0   23180
 600.0  291862
 800.0  108616
1000.0   55322
1200.0   33941
1400.0   23389
 600.0  271285
 800.0  104584
1000.0   54206
1200.0   33559
1400.0   23241
 600.0  252759
 800.0  100032
1000.0   52538
1200.0   32756
1400.0   22774
 600.0  236006
 800.0   95222
1000.0   50509
1200.0   31658
1400.0   22078
 600.0  220688
 800.0   90339
1000.0   48278
1200.0   30381
1400.0   21236
 600.0  206487
 800.0   85486
1000.0   45949
1200.0   29006
1400.0   20310
 600.0  193156
 800.0   80709
1000.0   43584
1200.0   27581
1400.0   19339
 600.0  180523
 800.0   76028
1000.0   41217
1200.0   26135
1400.0   18344
 600.0  168480
 800.0   71451
1000.0   38865
1200.0   24684
1400.0   17341
 600.0  156972
 800.0   66983
1000.0   36540
1200.0   23239
1400.0   16336
 600.0  145982
 800.0   62633
1000.0   34250
1200.0   21806
1400.0   15335
 600.0  345872
 800.0  116886
1000.0   56836
1200.0   34062
1400.0   23178
 600.0  321527
 800.0  114111
1000.0   56811
1200.0   34456
1400.0   23599
 600.0  298894
 800.0  110801
1000.0   56333
1200.0   34531
1400.0   23785
 600.0  278232
 800.0  106773
1000.0   55213
1200.0   34141
1400.0   23628
 600.0  259390
 800.0  102183
1000.0   53534
1200.0   33329
1400.0   23153
 600.0  242125
 800.0   97274
1000.0   51471
1200.0   32213
1400.0   22444
 600.0  226175
 800.0   92242
1000.0   49182
1200.0   30906
1400.0   21582
 600.0  211309
 800.0   87212
1000.0   46781
1200.0   29491
1400.0   20630
 600.0  197341
 800.0   82252
1000.0   44339
1200.0   28023
1400.0   19631
 600.0  184138
 800.0   77397
1000.0   41895
1200.0   26535
1400.0   18610
 600.0  171613
 800.0   72666
1000.0   39475
1200.0   25047
1400.0   17582
 600.0  159716
 800.0   68069
1000.0   37091
1200.0   23569
1400.0   16556
 600.0  148423
 800.0   63615
1000.0   34753
1200.0   22109
1400.0   15539
